-2.392240000000000322e+01
-1.860373333333333790e+01
-7.423599999999998644e+00
-5.343866666666667875e+00
-4.214666666666665229e+00
-4.236533333333330376e+00
-3.117600000000001259e+00
-3.341599999999998349e+00
-2.148933333333334694e+00
-2.810399999999999121e+00
-3.862933333333332886e+00
-1.136666666666666936e+00
-2.996666666666667034e+00
-3.543333333333334334e+00
-2.047866666666668500e+00
-2.714800000000001212e+00
-2.093600000000001238e+00
-2.539066666666668581e+00
-2.435466666666669777e+00
-1.337466666666667470e+00
-2.580800000000001759e+00
-2.642800000000001592e+00
-1.056533333333333990e+00
-2.400266666666668325e+00
-1.555866666666666731e+00
-1.844800000000000662e+00
-1.695999999999999730e+00
-3.525599999999998513e+00
-2.081866666666667864e+00
-1.833066666666667066e+00
-1.895200000000000662e+00
-2.059733333333334748e+00
-2.055733333333335189e+00
-2.998266666666665525e+00
-2.515600000000000502e+00
-1.850266666666667614e+00
-2.771066666666665679e+00
-1.183200000000000474e+00
-1.925733333333333519e+00
-1.480400000000000382e+00
-2.224666666666668569e+00
-1.520666666666667277e+00
-1.467200000000000948e+00
-1.668533333333334090e+00
-1.464666666666667449e+00
-3.158400000000000318e+00
-1.907600000000000851e+00
-2.565600000000001657e+00
-1.498933333333334117e+00
-3.042266666666664676e+00
-1.327066666666667283e+00
-2.232266666666668176e+00
-1.758133333333334436e+00
-2.378133333333334321e+00
-2.215466666666666917e+00
-1.546266666666667566e+00
-1.510133333333334438e+00
-1.910666666666667846e+00
-1.054266666666667573e+00
-1.698533333333334117e+00
-1.897866666666667701e+00
-3.047466666666668544e+00
-2.568533333333334223e+00
-2.687333333333334462e+00
-2.009600000000001607e+00
-1.361333333333333728e+00
-3.012266666666665760e+00
-2.591066666666668183e+00
-1.327866666666667195e+00
-3.098666666666667791e+00
-3.052666666666666639e+00
-2.274400000000000865e+00
-2.928000000000001268e+00
-1.766800000000000592e+00
-2.946133333333332160e+00
-1.518133333333334223e+00
-1.975066666666667414e+00
-1.678400000000000780e+00
-2.370133333333334757e+00
-1.684400000000000786e+00
-1.980933333333335433e+00
-2.335066666666667956e+00
-1.561866666666667181e+00
-1.411733333333333729e+00
-2.034266666666666001e+00
-1.333333333333333481e+00
-2.780133333333333567e+00
-1.545866666666667610e+00
-1.965066666666667405e+00
-2.315066666666667938e+00
-1.458133333333333947e+00
-1.637333333333333529e+00
-2.363466666666667049e+00
-1.738400000000000389e+00
-2.195333333333334025e+00
-2.322133333333332939e+00
-1.639066666666668004e+00
-2.458266666666668154e+00
-2.545733333333334514e+00
-1.595866666666668099e+00
