2.925000000000000000e+01
1.894000000000000128e+01
1.100000000000000000e+01
1.202999999999999936e+01
1.013000000000000078e+01
8.800000000000000711e+00
1.033000000000000007e+01
9.369999999999999218e+00
9.619999999999999218e+00
8.839999999999999858e+00
9.300000000000000711e+00
8.550000000000000711e+00
9.310000000000000497e+00
8.810000000000000497e+00
9.240000000000000213e+00
7.919999999999999929e+00
9.400000000000000355e+00
8.810000000000000497e+00
8.710000000000000853e+00
9.099999999999999645e+00
9.000000000000000000e+00
8.800000000000000711e+00
9.240000000000000213e+00
7.959999999999999964e+00
8.970000000000000639e+00
9.089999999999999858e+00
9.380000000000000782e+00
9.119999999999999218e+00
8.550000000000000711e+00
7.709999999999999964e+00
8.759999999999999787e+00
9.210000000000000853e+00
9.250000000000000000e+00
9.470000000000000639e+00
1.025999999999999979e+01
8.750000000000000000e+00
8.609999999999999432e+00
8.609999999999999432e+00
8.449999999999999289e+00
8.910000000000000142e+00
9.240000000000000213e+00
8.369999999999999218e+00
8.609999999999999432e+00
8.339999999999999858e+00
8.279999999999999361e+00
8.390000000000000568e+00
8.970000000000000639e+00
8.769999999999999574e+00
8.050000000000000711e+00
8.589999999999999858e+00
8.949999999999999289e+00
9.490000000000000213e+00
8.269999999999999574e+00
8.679999999999999716e+00
8.509999999999999787e+00
8.820000000000000284e+00
8.330000000000000071e+00
8.869999999999999218e+00
8.710000000000000853e+00
7.969999999999999751e+00
8.009999999999999787e+00
8.410000000000000142e+00
8.849999999999999645e+00
8.490000000000000213e+00
8.890000000000000568e+00
8.699999999999999289e+00
8.449999999999999289e+00
9.060000000000000497e+00
8.849999999999999645e+00
8.179999999999999716e+00
9.099999999999999645e+00
8.369999999999999218e+00
8.589999999999999858e+00
8.849999999999999645e+00
8.550000000000000711e+00
8.849999999999999645e+00
7.830000000000000071e+00
8.330000000000000071e+00
9.060000000000000497e+00
7.919999999999999929e+00
8.599999999999999645e+00
8.970000000000000639e+00
8.500000000000000000e+00
8.320000000000000284e+00
8.130000000000000782e+00
8.730000000000000426e+00
8.439999999999999503e+00
8.720000000000000639e+00
8.320000000000000284e+00
7.959999999999999964e+00
8.970000000000000639e+00
8.490000000000000213e+00
8.369999999999999218e+00
8.669999999999999929e+00
9.039999999999999147e+00
9.570000000000000284e+00
8.550000000000000711e+00
8.039999999999999147e+00
7.940000000000000391e+00
8.750000000000000000e+00
